0 -5241.077148 -151.017944 0 1 4 115 2
1 -4970.561035 -42.553383 0 115 6 4 0
2 -5156.035645 -1070.630859 0 12 16 115 0
3 -4798.107422 -3033.812988 0 9 10 116 12
4 -4889.895508 199.097198 0 117 7 1 0
5 -4773.099609 -645.892456 0 119 16 6 115
6 -4568.875977 -164.40242 0 11 117 5 1
7 -4375.522949 344.930786 0 118 21 117 4
8 -4351.736328 -3500.727295 0 13 18 10 9
9 -4499.904297 -3739.021973 0 120 13 8 3
10 -4624.620605 -3191.865723 0 8 3
11 -4087.646973 -288.765228 0 119 24 17 6
12 -4824.10791 -2224.986816 0 116 3 14 2
13 -4140.303223 -3731.339111 0 121 8 120 9
14 -4371.576172 -1957.169922 0 116 20 16 12
15 -4385.603516 -2863.461182 0 18 116
16 -4807.003418 -1328.883545 0 119 5 14 2
17 -3993.990723 162.808777 0 19 118 11 117
18 -3898.467285 -2962.602051 0 124 15 121 8
19 -3580.42627 238.282135 0 24 122 17 118
20 -3803.557617 -1512.258911 0 14 36 25 119
21 -3679.581543 590.079834 0 122 31 118 7
22 -3533.546875 -3765.43457 0 123 121 23 120
23 -3330.061523 -3976.982422 0 30 123 22 120
24 -3519.386719 -304.026093 0 28 19 25 11
25 -3241.970703 -895.830139 0 46 32 24 20
26 -3016.992676 698.104126 0 31 122
27 -2737.620117 -3553.271484 0 33 38 29 123
28 -2995.320313 12.657372 0 32 34 122 24
29 -2915.242188 -3135.73291 0 42 124 27 121
30 -2707.010986 -3979.319336 0 125 33 23 123
31 -2875.492432 888.545532 0 35 126 26 21
32 -2584.55127 -463.990356 0 43 28 46 25
33 -2520.510742 -3796.791504 0 30 125 38 27
34 -2806.0625 566.190979 0 28 35
35 -2508.092529 767.880798 0 34 49 126 31
36 -2796.446777 -2033.756226 0 44 46 124 20
37 -2023.975098 1035.439819 0 129 126 128 49
38 -2287.701904 -3446.735596 0 39 42 33 27
39 -1997.10376 -3530.742676 0 127 38 41 125
40 -1547.38208 1164.011108 0 128 51 45 129
41 -1760.97583 -3589.432861 0 48 127 39 125
42 -2250.155518 -2959.598877 0 38 44 29 124
43 -1888.700439 -203.650604 0 54 50 49 32
44 -1871.107666 -2480.268311 0 42 47 130 36
45 -1355.000488 1342.368896 0 131 53 40 129
46 -2501.82666 -1269.309326 0 36 54 32 25
47 -1447.513916 -2851.532715 0 52 55 127 44
48 -1248.593018 -3322.887207 0 132 52 41 127
49 -2142.74707 525.28418 0 128 37 43 35
50 -1411.208984 174.037643 0 43 61 51 128
51 -1203.638184 701.980713 0 63 131 50 40
52 -1111.779053 -3031.462891 0 48 132 133 47
53 -762.864258 1212.604736 0 57 60 131 45
54 -1578.604004 -1055.030884 0 134 43 130 46
55 -1016.44458 -2249.645264 0 62 130 133 47
56 -632.440674 -2852.238037 0 58 133 135 132
57 -606.749756 911.666626 0 60 53 63 131
58 -452.515137 -2492.128174 0 59 62 56 133
59 -214.17041 -2644.08667 0 138 58 137 135
60 -178.269531 1052.17041 0 136 67 57 53
61 -508.915283 -211.230103 0 78 63 134 50
62 -434.542725 -2035.984131 0 58 138 64 55
63 -553.856689 407.262909 0 61 136 57 51
64 -400.508301 -1456.43042 0 66 134 62 130
65 182.79248 -2395.691895 0 71 138 139 137
66 232.140625 -1758.5802 0 70 64 138 71
67 204.224365 954.832642 0 140 73 136 60
68 620.144775 -2359.975586 0 114 71
69 500.200928 400.052551 0 74 140 78 136
70 715.875977 -1569.704468 0 72 77 76 66
71 501.066406 -2150.100586 0 68 72 65 66
72 811.833008 -2017.866455 0 77 70 114 71
73 883.303955 964.633789 0 141 79 140 67
74 982.450684 493.892639 0 142 141 69 140
75 1297.807129 -1903.42627 0 145 77 144 114
76 772.547119 -979.609375 0 80 78 70 134
77 1096.94043 -1721.048828 0 75 80 72 70
78 634.595459 -290.447266 0 76 142 69 61
79 1500.921143 792.060242 0 143 87 141 73
80 1393.617676 -1279.006348 0 86 76 145 77
81 1843.761719 -1638.10376 0 83 145 146 144
82 1799.481934 352.924652 0 90 143 84 141
83 1956.977051 -1300.999146 0 85 86 81 145
84 1951.443604 -102.339401 0 88 91 82 142
85 2220.944336 -1356.025024 0 146 147 148 83
86 1789.850586 -914.870239 0 83 88 80 142
87 2154.347656 725.363953 0 149 96 143 79
88 2243.661621 -600.699829 0 95 84 148 86
89 2604.990967 -1165.045654 0 150 148 93 147
90 2342.296875 429.869507 0 91 149 82 143
91 2538.526123 64.255005 0 94 90 95 84
92 2878.166992 -734.382446 0 151 95 150 148
93 2850.858887 -1206.842529 0 97 150 89 147
94 2952.803711 208.345825 0 98 152 91 149
95 2697.202881 -374.714355 0 92 98 91 88
96 2883.516113 590.937805 0 152 99 149 87
97 3302.756836 -952.276611 0 103 151 93 150
98 3135.281738 -219.240768 0 102 94 100 95
99 3395.48291 452.609344 0 153 104 152 96
100 3426.893066 -461.907623 0 105 101 98 151
101 3705.581543 -155.204681 0 106 102 155 100
102 3459.269531 29.682755 0 101 153 98 152
103 3649.648926 -771.375916 0 154 105 97 151
104 3798.112305 392.6008 0 153 99
105 3728.080566 -559.351196 0 103 154 155 100
106 3978.884766 95.329308 0 108 111 101 153
107 4150.652344 -359.572388 0 157 155 154 156
108 4197.897461 9.303459 0 158 106 157 155
109 4506.147949 -191.63768 0 160 157 159 156
110 4546.245605 156.134079 0 160 157
111 4083.412598 297.041901 0 106 158
112 4837.74707 5.655064 0 161 160 113 159
113 5066.863281 -2.148797 0 112 159
114 964.287842 -2193.813965 0 144 75 72 68
115 -5085.160645 -435.978058 0 5 1 0 2
116 -4450.183594 -2486.733643 0 15 14 12 3
117 -4496.952148 142.965958 0 6 17 7 4
118 -3885.483887 428.586517 0 17 19 21 7
119 -4342.484863 -964.021667 0 20 11 5 16
120 -4013.272949 -3940.085693 0 23 22 13 9
121 -3642.170898 -3403.458984 0 22 29 18 13
122 -3321.166504 407.511902 0 28 19 26 21
123 -3018.78125 -3781.391602 0 23 30 27 22
124 -2987.78125 -2605.571289 0 29 42 36 18
125 -2314.736816 -3872.124512 0 41 39 30 33
126 -2260.128662 1102.863281 0 37 129 35 31
127 -1553.99585 -3287.825195 0 41 48 47 39
128 -1765.323975 759.293579 0 50 40 37 49
129 -1761.666748 1301.974121 0 40 45 37 126
130 -1300.284912 -1775.972778 0 55 64 54 44
131 -1036.266357 1030.525635 0 51 57 53 45
132 -870.631592 -3129.807861 0 135 56 48 52
133 -824.786865 -2626.748779 0 56 58 55 52
134 -446.296875 -815.910645 0 64 76 61 54
135 -426.796143 -2924.116455 0 137 59 56 132
136 9.501465 629.461304 0 63 69 67 60
137 -45.712158 -2725.57373 0 139 65 59 135
138 -43.119385 -2219.215332 0 65 66 59 62
139 316.885498 -2523.625244 0 65 137
140 643.126953 818.986267 0 69 74 73 67
141 1287.476318 627.147278 0 74 82 79 73
142 1350.838135 -268.082458 0 78 86 84 74
143 1911.792725 623.871765 0 82 90 87 79
144 1528.119629 -1925.563721 0 146 81 75 114
145 1631.731689 -1524.773804 0 81 83 80 75
146 2032.345703 -1658.745605 0 147 85 81 144
147 2385.420654 -1441.080322 0 93 89 146 85
148 2456.240967 -947.436768 0 89 92 88 85
149 2642.216309 554.0625 0 90 94 96 87
150 2960.478027 -979.133789 0 93 97 92 89
151 3338.13916 -751.537964 0 97 103 100 92
152 3206.750977 329.849731 0 94 102 99 96
153 3667.351563 248.033005 0 102 106 104 99
154 3983.833496 -588.671997 0 156 107 103 105
155 3920.822266 -275.542969 0 107 108 101 105
156 4342.266113 -403.305328 0 159 109 154 107
157 4355.774414 -94.587097 0 109 110 108 107
158 4358.17334 232.876648 0 108 111
159 4653.804688 -238.456635 0 113 112 109 156
160 4701.261719 91.518898 0 112 161 110 109
161 5105.481934 163.837265 0 112 160
